>> [x, res, matvecs, flag] = gmres((1:100)',@matvec, 10, 1e-8, 10000);

res =

    0.0048


res =

   1.0553e-04


res =

   2.5124e-06


res =

   6.1153e-08


res =

   1.5045e-09

>> x(1)

ans =

    2.8930

>> norm(x)

ans =

   28.9329

>> matvecs

matvecs =

    50

