fieldt1 = 0.05*exp(-(t-500).^2/(2*150^2)).*cos(0.06*(t-500));
fieldt2 = 0.05*sech(-(t-500)/(170)).^2.*cos(0.06*(t-500));